{
    "camera_angle_x": 0.691111,
    "frames": [
        {
            "file_path": "./images/DJI_20250427164328_0001_D_TLCO.JPG",
            "transform_matrix": [
                [
                    -0.031399995395493416,
                    0.999338148285444,
                    -0.0183658833324966,
                    0.0
                ],
                [
                    0.9991640544307276,
                    0.030902687967085254,
                    -0.026762216088340573,
                    0.0
                ],
                [
                    -0.026176948307873153,
                    -0.019190863915646117,
                    -0.9994731002480547,
                    380.616
                ],
                [
                    0.0,
                    0.0,
                    0.0,
                    1.0
                ]
            ]
        },
        {
            "file_path": "./images/DJI_20250427164349_0002_D_TLCO.JPG",
            "transform_matrix": [
                [
                    -0.01396113833688569,
                    0.9998459124847654,
                    0.010641329984791316,
                    -0.07432907949203488
                ],
                [
                    0.9998279009444225,
                    0.014089336108759664,
                    -0.012068931232072309,
                    -0.17871135332303698
                ],
                [
                    -0.012217000835247169,
                    0.010471002603441523,
                    -0.999870543117993,
                    380.616
                ],
                [
                    0.0,
                    0.0,
                    0.0,
                    1.0
                ]
            ]
        },
        {
            "file_path": "./images/DJI_20250427164354_0003_D_TLCO.JPG",
            "transform_matrix": [
                [
                    -0.012213856293127654,
                    0.9999102116726549,
                    0.005512740443475319,
                    -0.09227057504929621
                ],
                [
                    0.9996679981923039,
                    0.012335614560298667,
                    -0.022621361665725908,
                    -0.08011198295004028
                ],
                [
                    -0.022687333572781358,
                    0.0052346161431426836,
                    -0.9997289050983728,
                    380.616
                ],
                [
                    0.0,
                    0.0,
                    0.0,
                    1.0
                ]
            ]
        },
        {
            "file_path": "./images/DJI_20250427164400_0004_D_TLCO.JPG",
            "transform_matrix": [
                [
                    -0.01395739584865624,
                    0.9997734276917654,
                    0.016071228409249686,
                    -0.06407679524331844
                ],
                [
                    0.999559882387449,
                    0.014371587413765721,
                    -0.025951859216588706,
                    0.14481782900986415
                ],
                [
                    -0.026176948307873153,
                    0.015701934806476917,
                    -0.9995339997321853,
                    380.616
                ],
                [
                    0.0,
                    0.0,
                    0.0,
                    1.0
                ]
            ]
        },
        {
            "file_path": "./images/DJI_20250427164410_0005_D_TLCO.JPG",
            "transform_matrix": [
                [
                    -0.005234998906753775,
                    0.999984944616963,
                    -0.001644787480404658,
                    -0.14353198795769712
                ],
                [
                    0.9998020068952436,
                    0.0052024504751093745,
                    -0.019206288483128386,
                    0.018487386850494725
                ],
                [
                    -0.01919744239968967,
                    -0.0017450067230367233,
                    -0.9998141893156184,
                    380.616
                ],
                [
                    0.0,
                    0.0,
                    0.0,
                    1.0
                ]
            ]
        },
        {
            "file_path": "./images/DJI_20250427164657_0006_D_TLCO.JPG",
            "transform_matrix": [
                [
                    -0.7208359110475079,
                    0.6930347746560734,
                    0.009919196626478811,
                    -0.6945921640295044
                ],
                [
                    0.6912567856872751,
                    0.7198839831429378,
                    -0.06269854109590596,
                    0.38823504780069273
                ],
                [
                    -0.05059294007671331,
                    -0.03833864801559718,
                    -0.9979832175356108,
                    400.916
                ],
                [
                    0.0,
                    0.0,
                    0.0,
                    1.0
                ]
            ]
        },
        {
            "file_path": "./images/DJI_20250427164703_0007_D_TLCO.JPG",
            "transform_matrix": [
                [
                    -0.7300721983127006,
                    0.6827512725724705,
                    -0.029073786329490175,
                    0.030756820223949443
                ],
                [
                    0.6831894798909937,
                    0.7282405657667097,
                    -0.05401678385516947,
                    -0.14789904891721528
                ],
                [
                    -0.015707317311820675,
                    -0.059299057095831845,
                    -0.9981166775534868,
                    400.916
                ],
                [
                    0.0,
                    0.0,
                    0.0,
                    1.0
                ]
            ]
        },
        {
            "file_path": "./images/DJI_20250427164711_0008_D_TLCO.JPG",
            "transform_matrix": [
                [
                    -0.7144715914289584,
                    0.6989996531012228,
                    -0.030493114064353802,
                    0.2588701212518691
                ],
                [
                    0.6996622748654286,
                    0.7136817852101653,
                    -0.033630500878888636,
                    -0.34817901571447096
                ],
                [
                    -0.0017453283658983088,
                    -0.04536291903748933,
                    -0.9989690482719139,
                    400.916
                ],
                [
                    0.0,
                    0.0,
                    0.0,
                    1.0
                ]
            ]
        },
        {
            "file_path": "./images/DJI_20250427164715_0009_D_TLCO.JPG",
            "transform_matrix": [
                [
                    -0.7144715914289584,
                    0.6994240171884746,
                    -0.01834091657763655,
                    0.09995972918301799
                ],
                [
                    0.6996622748654286,
                    0.7142892374024743,
                    -0.016235346042662635,
                    -0.1540615096498603
                ],
                [
                    0.0017453283658983088,
                    -0.024432140940327255,
                    -0.9996999671491278,
                    400.916
                ],
                [
                    0.0,
                    0.0,
                    0.0,
                    1.0
                ]
            ]
        },
        {
            "file_path": "./images/DJI_20250427164722_0010_D_TLCO.JPG",
            "transform_matrix": [
                [
                    -0.7168571043684084,
                    0.6969549574459313,
                    -0.019227043664606574,
                    0.12046429701554293
                ],
                [
                    0.6971130731862172,
                    0.7159912477845576,
                    -0.03728131286288003,
                    -0.28347318270235733
                ],
                [
                    -0.012217000835247169,
                    -0.04012879748325636,
                    -0.9991198248974641,
                    400.916
                ],
                [
                    0.0,
                    0.0,
                    0.0,
                    1.0
                ]
            ]
        },
        {
            "file_path": "./images/DJI_20250427164733_0011_D_TLCO.JPG",
            "transform_matrix": [
                [
                    -0.9983434401793414,
                    -0.05633598855826041,
                    -0.011688962487813311,
                    -0.9124532211726692
                ],
                [
                    -0.05581606373666222,
                    0.9976051371098676,
                    -0.04084797964339179,
                    -0.1910362304450247
                ],
                [
                    0.013962180339145272,
                    -0.04012788064632422,
                    -0.9990969976508846,
                    400.916
                ],
                [
                    0.0,
                    0.0,
                    0.0,
                    1.0
                ]
            ]
        },
        {
            "file_path": "./images/DJI_20250427164738_0012_D_TLCO.JPG",
            "transform_matrix": [
                [
                    -0.9981104745809085,
                    -0.06117106139279187,
                    -0.005794978856979104,
                    -1.0559851904456192
                ],
                [
                    -0.061047051825011606,
                    0.9979426724092814,
                    -0.019587752502423218,
                    -0.25266082079239904
                ],
                [
                    0.0069812602979615525,
                    -0.019196974571560162,
                    -0.9997913473180046,
                    400.916
                ],
                [
                    0.0,
                    0.0,
                    0.0,
                    1.0
                ]
            ]
        },
        {
            "file_path": "./images/DJI_20250427164744_0013_D_TLCO.JPG",
            "transform_matrix": [
                [
                    -0.998876182426716,
                    -0.04724087622583935,
                    -0.0038303777939868045,
                    -0.7561059108932396
                ],
                [
                    -0.04710580498607158,
                    0.998442906581611,
                    -0.029879849957432834,
                    -0.2464983893388226
                ],
                [
                    0.00523596383141958,
                    -0.02966583742757706,
                    -0.9995461584001394,
                    400.816
                ],
                [
                    0.0,
                    0.0,
                    0.0,
                    1.0
                ]
            ]
        },
        {
            "file_path": "./images/DJI_20250427164749_0014_D_TLCO.JPG",
            "transform_matrix": [
                [
                    -0.9989508383667063,
                    -0.04364366632512501,
                    -0.013872740037785236,
                    -0.6125739434276458
                ],
                [
                    -0.04361513552233909,
                    0.9990456370018461,
                    -0.002352688025111993,
                    -0.20644240606578312
                ],
                [
                    0.013962180339145272,
                    -0.0017451582382867535,
                    -0.9999010010710563,
                    400.916
                ],
                [
                    0.0,
                    0.0,
                    0.0,
                    1.0
                ]
            ]
        },
        {
            "file_path": "./images/DJI_20250427164755_0015_D_TLCO.JPG",
            "transform_matrix": [
                [
                    -0.9988731941447485,
                    -0.045435396518919424,
                    -0.013710097090696071,
                    -0.9944714933190266
                ],
                [
                    -0.04535856632704493,
                    0.998953559866691,
                    -0.0058639313110324925,
                    -0.24341713792807115
                ],
                [
                    0.013962180339145272,
                    -0.0052354534506578645,
                    -0.9998888175929077,
                    400.916
                ],
                [
                    0.0,
                    0.0,
                    0.0,
                    1.0
                ]
            ]
        },
        {
            "file_path": "./images/DJI_20250427164827_0016_D_TLCO.JPG",
            "transform_matrix": [
                [
                    0.05048170989375626,
                    0.9978545035391274,
                    -0.04168916805219542,
                    -0.6689615540515451
                ],
                [
                    0.9965236410100733,
                    -0.053096500590900715,
                    -0.06419808823498555,
                    -0.9798312073209346
                ],
                [
                    -0.06627390040000014,
                    -0.0383034122720423,
                    -0.9970660052043138,
                    420.816
                ],
                [
                    0.0,
                    0.0,
                    0.0,
                    1.0
                ]
            ]
        },
        {
            "file_path": "./images/DJI_20250427164833_0017_D_TLCO.JPG",
            "transform_matrix": [
                [
                    0.03828956635125961,
                    0.9984210157716649,
                    -0.041102121284786824,
                    -0.6869030821796476
                ],
                [
                    0.9967055856984683,
                    -0.04110212128478693,
                    -0.06991846010435082,
                    -1.426609598838424
                ],
                [
                    -0.07149744433268591,
                    -0.0382895663512595,
                    -0.9967055856984683,
                    420.816
                ],
                [
                    0.0,
                    0.0,
                    0.0,
                    1.0
                ]
            ]
        },
        {
            "file_path": "./images/DJI_20250427164838_0018_D_TLCO.JPG",
            "transform_matrix": [
                [
                    0.041773646741378415,
                    0.9982268126059392,
                    0.04240510620802554,
                    -0.6253893392467327
                ],
                [
                    0.9966890171004753,
                    -0.038670959259005995,
                    -0.07152314381566723,
                    -0.8504195390750237
                ],
                [
                    -0.0697564737441253,
                    0.04525248617010673,
                    -0.9965371276907898,
                    420.816
                ],
                [
                    0.0,
                    0.0,
                    0.0,
                    1.0
                ]
            ]
        },
        {
            "file_path": "./images/DJI_20250427164843_0019_D_TLCO.JPG",
            "transform_matrix": [
                [
                    0.041773646741378415,
                    0.9991065465660102,
                    -0.006408669664417648,
                    -0.6945922158291616
                ],
                [
                    0.9966890171004753,
                    -0.04211868055522962,
                    -0.06954868754746447,
                    -0.3050417708854374
                ],
                [
                    -0.0697564737441253,
                    -0.0034821483638157735,
                    -0.997557972758254,
                    420.816
                ],
                [
                    0.0,
                    0.0,
                    0.0,
                    1.0
                ]
            ]
        },
        {
            "file_path": "./images/DJI_20250427164850_0020_D_TLCO.JPG",
            "transform_matrix": [
                [
                    0.04006524666093299,
                    0.9987403211416985,
                    -0.030208391810481686,
                    -0.8355611555322378
                ],
                [
                    0.9975375475691112,
                    -0.04172213288028364,
                    -0.05637468241793602,
                    -0.8257696794424837
                ],
                [
                    -0.05756402695956728,
                    -0.027875339526128355,
                    -0.9979525781551452,
                    420.816
                ],
                [
                    0.0,
                    0.0,
                    0.0,
                    1.0
                ]
            ]
        },
        {
            "file_path": "./images/DJI_20250427164902_0021_D_TLCO.JPG",
            "transform_matrix": [
                [
                    -0.634541039657882,
                    0.7716458832955667,
                    -0.043821225255561716,
                    -0.8535026426698612
                ],
                [
                    0.772502904629239,
                    0.6314113832837007,
                    -0.06751982967360354,
                    -0.7302515381051138
                ],
                [
                    -0.024432178152653153,
                    -0.0766961267129451,
                    -0.996755121791681,
                    420.816
                ],
                [
                    0.0,
                    0.0,
                    0.0,
                    1.0
                ]
            ]
        },
        {
            "file_path": "./images/DJI_20250427164908_0022_D_TLCO.JPG",
            "transform_matrix": [
                [
                    -0.6865339897489157,
                    0.7270220400902346,
                    -0.010489716033760942,
                    -0.666398471195152
                ],
                [
                    0.7259893388663219,
                    0.6846198305025805,
                    -0.06507816481016317,
                    -0.7980386204779645
                ],
                [
                    -0.04013179253255973,
                    -0.052293794140904376,
                    -0.997825033922517,
                    420.816
                ],
                [
                    0.0,
                    0.0,
                    0.0,
                    1.0
                ]
            ]
        },
        {
            "file_path": "./images/DJI_20250427164914_0023_D_TLCO.JPG",
            "transform_matrix": [
                [
                    -0.6713113952892574,
                    0.7410865134424202,
                    -0.011479989048255382,
                    -0.8740071956381568
                ],
                [
                    0.7403533181425627,
                    0.6697570190771357,
                    -0.0574673795488084,
                    -0.5453777183435777
                ],
                [
                    -0.03489949670250097,
                    -0.047077754732644056,
                    -0.9982813782392443,
                    420.816
                ],
                [
                    0.0,
                    0.0,
                    0.0,
                    1.0
                ]
            ]
        },
        {
            "file_path": "./images/DJI_20250427164923_0024_D_TLCO.JPG",
            "transform_matrix": [
                [
                    -0.6702540573972642,
                    0.7414108289108992,
                    -0.03270292519268691,
                    -1.1713233651317272
                ],
                [
                    0.7417848633113662,
                    0.6679428923601639,
                    -0.06006254330009841,
                    -0.16022389942122015
                ],
                [
                    -0.022687333572781358,
                    -0.06451569823842891,
                    -0.997658764095302,
                    420.816
                ],
                [
                    0.0,
                    0.0,
                    0.0,
                    1.0
                ]
            ]
        },
        {
            "file_path": "./images/DJI_20250427164928_0025_D_TLCO.JPG",
            "transform_matrix": [
                [
                    -0.6696823615829312,
                    0.7419617266382581,
                    -0.03191129562839971,
                    -0.8278718994943228
                ],
                [
                    0.741152155016936,
                    0.6649909288941326,
                    -0.09208988870810075,
                    -0.3235291405086581
                ],
                [
                    -0.047106450709642665,
                    -0.0853220996723212,
                    -0.9952392283310815,
                    420.816
                ],
                [
                    0.0,
                    0.0,
                    0.0,
                    1.0
                ]
            ]
        },
        {
            "file_path": "./images/DJI_20250427164937_0026_D_TLCO.JPG",
            "transform_matrix": [
                [
                    -0.977267029111176,
                    -0.21197413784303007,
                    0.00401480982364349,
                    -0.20504570008923456
                ],
                [
                    -0.21129261066531363,
                    0.9722168260030303,
                    -0.10074659257180779,
                    -0.6224085152358694
                ],
                [
                    0.01745240643728351,
                    -0.09930462286468705,
                    -0.9949040181782615,
                    420.816
                ],
                [
                    0.0,
                    0.0,
                    0.0,
                    1.0
                ]
            ]
        },
        {
            "file_path": "./images/DJI_20250427164944_0027_D_TLCO.JPG",
            "transform_matrix": [
                [
                    -0.998574779263565,
                    -0.05305836776019171,
                    -0.00576366457618494,
                    -0.17172577306618103
                ],
                [
                    -0.052333086629256474,
                    0.9946273071539563,
                    -0.08931835145995436,
                    -0.36358517004401
                ],
                [
                    0.010471784116245792,
                    -0.08888942273574198,
                    -0.995986451847177,
                    420.816
                ],
                [
                    0.0,
                    0.0,
                    0.0,
                    1.0
                ]
            ]
        },
        {
            "file_path": "./images/DJI_20250427164952_0028_D_TLCO.JPG",
            "transform_matrix": [
                [
                    -0.9993832537218154,
                    -0.03211544007287752,
                    -0.014202488842565981,
                    -0.5331187586232838
                ],
                [
                    -0.03140688401073206,
                    0.9983737417851625,
                    -0.0475760375675636,
                    -0.3450977749534933
                ],
                [
                    0.015707317311820675,
                    -0.04710063930372084,
                    -0.9987666443970016,
                    420.816
                ],
                [
                    0.0,
                    0.0,
                    0.0,
                    1.0
                ]
            ]
        },
        {
            "file_path": "./images/DJI_20250427164958_0029_D_TLCO.JPG",
            "transform_matrix": [
                [
                    -0.9991929667737466,
                    -0.034620637463738696,
                    -0.020367292689088178,
                    -0.9662777341607222
                ],
                [
                    -0.033146644554705076,
                    0.9970846066460238,
                    -0.06872835764302757,
                    -0.44369711004821627
                ],
                [
                    0.022687333572781358,
                    -0.06799778416351697,
                    -0.9974274842033426,
                    420.816
                ],
                [
                    0.0,
                    0.0,
                    0.0,
                    1.0
                ]
            ]
        },
        {
            "file_path": "./images/DJI_20250427165005_0030_D_TLCO.JPG",
            "transform_matrix": [
                [
                    -0.999266029381939,
                    -0.03497912676473133,
                    -0.015616120325823964,
                    -1.1687603470613364
                ],
                [
                    -0.03314906829104483,
                    0.9939085912793497,
                    -0.10510400302811522,
                    -0.5885149102708073
                ],
                [
                    0.01919744239968967,
                    -0.10450919993893008,
                    -0.9943386170381975,
                    420.816
                ],
                [
                    0.0,
                    0.0,
                    0.0,
                    1.0
                ]
            ]
        },
        {
            "file_path": "./images/DJI_20250427165028_0031_D_TLCO.JPG",
            "transform_matrix": [
                [
                    -0.4968982694861434,
                    0.8653348820810315,
                    -0.06548016215223666,
                    -0.7458535970736294
                ],
                [
                    0.867633288487264,
                    0.4938640636592694,
                    -0.05753923300435323,
                    0.11708678505808097
                ],
                [
                    -0.01745240643728351,
                    -0.08540391372624749,
                    -0.9961935479763897,
                    441.116
                ],
                [
                    0.0,
                    0.0,
                    0.0,
                    1.0
                ]
            ]
        },
        {
            "file_path": "./images/DJI_20250427165033_0032_D_TLCO.JPG",
            "transform_matrix": [
                [
                    0.010457432900056726,
                    0.9972196555837768,
                    -0.07378076046310748,
                    -0.6125739820542031
                ],
                [
                    0.998574779263565,
                    -0.014276442816351825,
                    -0.051425610343815625,
                    -0.7887949330473736
                ],
                [
                    -0.052335956242943835,
                    -0.0731378267238306,
                    -0.9959476923946616,
                    441.116
                ],
                [
                    0.0,
                    0.0,
                    0.0,
                    1.0
                ]
            ]
        },
        {
            "file_path": "./images/DJI_20250427165039_0033_D_TLCO.JPG",
            "transform_matrix": [
                [
                    0.026145696626773157,
                    0.9990037334339369,
                    -0.03616549644282907,
                    -0.5254296060641122
                ],
                [
                    0.998463871423907,
                    -0.02786525019466394,
                    -0.04788972011582912,
                    -1.463584373377569
                ],
                [
                    -0.04884976979561326,
                    -0.03485783149658511,
                    -0.9981976916294043,
                    441.116
                ],
                [
                    0.0,
                    0.0,
                    0.0,
                    1.0
                ]
            ]
        },
        {
            "file_path": "./images/DJI_20250427165046_0034_D_TLCO.JPG",
            "transform_matrix": [
                [
                    0.029628252222750975,
                    0.999555718135319,
                    -0.003245460400574197,
                    -0.47673124999389555
                ],
                [
                    0.9982797809655464,
                    -0.029754461329357912,
                    -0.05051881774527781,
                    -1.3310914734073687
                ],
                [
                    -0.05059294007671331,
                    -0.001743093223665285,
                    -0.998717836048004,
                    441.116
                ],
                [
                    0.0,
                    0.0,
                    0.0,
                    1.0
                ]
            ]
        },
        {
            "file_path": "./images/DJI_20250427165052_0035_D_TLCO.JPG",
            "transform_matrix": [
                [
                    0.03137842389383657,
                    0.9991267552664093,
                    -0.02758842918245824,
                    -0.5843802359070632
                ],
                [
                    0.9984776381181123,
                    -0.03258687404874781,
                    -0.04450282932361896,
                    -1.3464976187748507
                ],
                [
                    -0.04536298812925378,
                    -0.026150000966498128,
                    -0.9986282475262941,
                    441.116
                ],
                [
                    0.0,
                    0.0,
                    0.0,
                    1.0
                ]
            ]
        },
        {
            "file_path": "./images/DJI_20250427165103_0036_D_TLCO.JPG",
            "transform_matrix": [
                [
                    -0.8090120655665642,
                    0.5859999172114092,
                    -0.04586474458604023,
                    -0.6023216791415728
                ],
                [
                    0.5877816713035705,
                    0.8069946275323865,
                    -0.05720470272142075,
                    -0.5176466674737761
                ],
                [
                    0.003490651415223732,
                    -0.07323775093547197,
                    -0.9973084012433723,
                    441.116
                ],
                [
                    0.0,
                    0.0,
                    0.0,
                    1.0
                ]
            ]
        },
        {
            "file_path": "./images/DJI_20250427165113_0037_D_TLCO.JPG",
            "transform_matrix": [
                [
                    -0.7473425521066285,
                    0.6637815356711094,
                    -0.02954966519023301,
                    -1.250778450567724
                ],
                [
                    0.6635217667421796,
                    0.7432365839184861,
                    -0.08566355925663875,
                    0.6501396812315833
                ],
                [
                    -0.03489949670250097,
                    -0.0836268690510571,
                    -0.9958858227239855,
                    441.116
                ],
                [
                    0.0,
                    0.0,
                    0.0,
                    1.0
                ]
            ]
        },
        {
            "file_path": "./images/DJI_20250427165120_0038_D_TLCO.JPG",
            "transform_matrix": [
                [
                    -0.7499968240813103,
                    0.6584338667776604,
                    -0.06300481686479487,
                    -0.8201826470896473
                ],
                [
                    0.6612111443234271,
                    0.7438133625254539,
                    -0.09768062423572947,
                    0.13249294342285584
                ],
                [
                    -0.01745240643728351,
                    -0.11491964500813595,
                    -0.9932214701166865,
                    441.116
                ],
                [
                    0.0,
                    0.0,
                    0.0,
                    1.0
                ]
            ]
        },
        {
            "file_path": "./images/DJI_20250427165127_0039_D_TLCO.JPG",
            "transform_matrix": [
                [
                    -0.7530572944391912,
                    0.6571724211553374,
                    -0.032079902817138614,
                    -0.5305556567928267
                ],
                [
                    0.656933748489263,
                    0.7482788077159808,
                    -0.09228692225335133,
                    0.17254891619676763
                ],
                [
                    -0.036643708706556276,
                    -0.09057171079306289,
                    -0.9952155564581207,
                    441.116
                ],
                [
                    0.0,
                    0.0,
                    0.0,
                    1.0
                ]
            ]
        },
        {
            "file_path": "./images/DJI_20250427165131_0040_D_TLCO.JPG",
            "transform_matrix": [
                [
                    -0.7516403502585907,
                    0.658766669151102,
                    -0.03260765981645541,
                    -0.40752826993069824
                ],
                [
                    0.6580113852898963,
                    0.7455435033906397,
                    -0.10576342175290453,
                    0.06162462008413128
                ],
                [
                    -0.04536298812925378,
                    -0.10095226677778771,
                    -0.9938565485724847,
                    441.116
                ],
                [
                    0.0,
                    0.0,
                    0.0,
                    1.0
                ]
            ]
        },
        {
            "file_path": "./images/DJI_20250427165154_0041_D_TLCO.JPG",
            "transform_matrix": [
                [
                    -0.9992675736197497,
                    -0.030219302649530353,
                    -0.023475733417172642,
                    0.3050053914835238
                ],
                [
                    -0.02791207067533696,
                    0.9952689661342214,
                    -0.09306235200516275,
                    -0.1448178158482947
                ],
                [
                    0.026176948307873153,
                    -0.09233893435325054,
                    -0.9953834881992935,
                    440.416
                ],
                [
                    0.0,
                    0.0,
                    0.0,
                    1.0
                ]
            ]
        },
        {
            "file_path": "./images/DJI_20250427165200_0042_D_TLCO.JPG",
            "transform_matrix": [
                [
                    -0.9987332871345642,
                    -0.032279104403507196,
                    -0.03859897133727233,
                    0.3793344368623747
                ],
                [
                    -0.027897146702490175,
                    0.9936370826347057,
                    -0.10911964634771638,
                    -0.03081229187720554
                ],
                [
                    0.04187565372919962,
                    -0.10790462192185483,
                    -0.9932789246695279,
                    440.416
                ],
                [
                    0.0,
                    0.0,
                    0.0,
                    1.0
                ]
            ]
        },
        {
            "file_path": "./images/DJI_20250427165208_0043_D_TLCO.JPG",
            "transform_matrix": [
                [
                    -0.9990437615400782,
                    -0.024461296342333863,
                    -0.03623820510323018,
                    0.07689209206592279
                ],
                [
                    -0.020926983569338763,
                    0.995267964575776,
                    -0.09488803954071616,
                    -0.05546214035701086
                ],
                [
                    0.038387809087519945,
                    -0.09403894762514313,
                    -0.9948281522167614,
                    440.416
                ],
                [
                    0.0,
                    0.0,
                    0.0,
                    1.0
                ]
            ]
        },
        {
            "file_path": "./images/DJI_20250427165214_0044_D_TLCO.JPG",
            "transform_matrix": [
                [
                    -0.9992492966951916,
                    -0.025694063386118668,
                    -0.02899410562295764,
                    0.22042405821755884
                ],
                [
                    -0.02267613874320072,
                    0.9947286740614935,
                    -0.10000328860373763,
                    -0.27422948991805346
                ],
                [
                    0.03141075907812829,
                    -0.09927074144264988,
                    -0.994564570104708,
                    440.416
                ],
                [
                    0.0,
                    0.0,
                    0.0,
                    1.0
                ]
            ]
        },
        {
            "file_path": "./images/DJI_20250427165223_0045_D_TLCO.JPG",
            "transform_matrix": [
                [
                    -0.9992081974436879,
                    -0.02748041017532813,
                    -0.028771604368400205,
                    0.34088838867376015
                ],
                [
                    -0.02442012234760106,
                    0.994506172806936,
                    -0.10178963539294718,
                    -0.29271686798675856
                ],
                [
                    0.03141075907812829,
                    -0.10100643200062387,
                    -0.994389795255683,
                    440.416
                ],
                [
                    0.0,
                    0.0,
                    0.0,
                    1.0
                ]
            ]
        },
        {
            "file_path": "./images/DJI_20250427165243_0046_D_TLCO.JPG",
            "transform_matrix": [
                [
                    -0.00868922692531549,
                    0.9992558110019624,
                    -0.037580866331828,
                    -0.028193806146548848
                ],
                [
                    0.9956867840391462,
                    0.005174333853242535,
                    -0.09263398058465207,
                    0.021568616936440653
                ],
                [
                    -0.09237058744656158,
                    -0.038223689617638154,
                    -0.994990765850011,
                    460.616
                ],
                [
                    0.0,
                    0.0,
                    0.0,
                    1.0
                ]
            ]
        },
        {
